SA:
[[   2.    5.    8.   11.   14.   17.   20.   23.   26.   29.]
 [   5.   16.   28.   40.   52.   64.   76.   88.  100.  112.]
 [   8.   28.   54.   81.  108.  135.  162.  189.  216.  243.]
 [  11.   40.   81.  128.  176.  224.  272.  320.  368.  416.]
 [  14.   52.  108.  176.  250.  325.  400.  475.  550.  625.]
 [  17.   64.  135.  224.  325.  432.  540.  648.  756.  864.]
 [  20.   76.  162.  272.  400.  540.  686.  833.  980. 1127.]
 [  23.   88.  189.  320.  475.  648.  833. 1024. 1216. 1408.]
 [  26.  100.  216.  368.  550.  756.  980. 1216. 1458. 1701.]
 [  29.  112.  243.  416.  625.  864. 1127. 1408. 1701. 2000.]]

Stiffness matrix:
[[3.68e-07 9.19e-07 1.47e-06 2.02e-06 2.57e-06 3.12e-06 3.68e-06 4.23e-06
  4.78e-06 5.33e-06]
 [9.19e-07 2.94e-06 5.15e-06 7.35e-06 9.56e-06 1.18e-05 1.40e-05 1.62e-05
  1.84e-05 2.06e-05]
 [1.47e-06 5.15e-06 9.92e-06 1.49e-05 1.98e-05 2.48e-05 2.98e-05 3.47e-05
  3.97e-05 4.47e-05]
 [2.02e-06 7.35e-06 1.49e-05 2.35e-05 3.23e-05 4.12e-05 5.00e-05 5.88e-05
  6.76e-05 7.64e-05]
 [2.57e-06 9.56e-06 1.98e-05 3.23e-05 4.59e-05 5.97e-05 7.35e-05 8.73e-05
  1.01e-04 1.15e-04]
 [3.12e-06 1.18e-05 2.48e-05 4.12e-05 5.97e-05 7.94e-05 9.92e-05 1.19e-04
  1.39e-04 1.59e-04]
 [3.68e-06 1.40e-05 2.98e-05 5.00e-05 7.35e-05 9.92e-05 1.26e-04 1.53e-04
  1.80e-04 2.07e-04]
 [4.23e-06 1.62e-05 3.47e-05 5.88e-05 8.73e-05 1.19e-04 1.53e-04 1.88e-04
  2.23e-04 2.59e-04]
 [4.78e-06 1.84e-05 3.97e-05 6.76e-05 1.01e-04 1.39e-04 1.80e-04 2.23e-04
  2.68e-04 3.13e-04]
 [5.33e-06 2.06e-05 4.47e-05 7.64e-05 1.15e-04 1.59e-04 2.07e-04 2.59e-04
  3.13e-04 3.68e-04]]

Mass matrix:
[[710.02   0.     0.     0.     0.     0.     0.     0.     0.     0.  ]
 [  0.   710.02   0.     0.     0.     0.     0.     0.     0.     0.  ]
 [  0.     0.   710.02   0.     0.     0.     0.     0.     0.     0.  ]
 [  0.     0.     0.   710.02   0.     0.     0.     0.     0.     0.  ]
 [  0.     0.     0.     0.   710.02   0.     0.     0.     0.     0.  ]
 [  0.     0.     0.     0.     0.   710.02   0.     0.     0.     0.  ]
 [  0.     0.     0.     0.     0.     0.   710.02   0.     0.     0.  ]
 [  0.     0.     0.     0.     0.     0.     0.   710.02   0.     0.  ]
 [  0.     0.     0.     0.     0.     0.     0.     0.   703.74   0.  ]
 [  0.     0.     0.     0.     0.     0.     0.     0.     0.   705.94]]

Dynamic matrix:
[[0.   0.   0.   0.   0.   0.   0.   0.   0.   0.  ]
 [0.   0.   0.   0.   0.   0.   0.   0.   0.   0.  ]
 [0.   0.   0.01 0.   0.   0.   0.   0.   0.   0.  ]
 [0.   0.   0.   0.02 0.   0.   0.   0.   0.   0.  ]
 [0.   0.   0.   0.   0.03 0.   0.   0.   0.   0.  ]
 [0.   0.   0.   0.   0.   0.06 0.   0.   0.   0.  ]
 [0.   0.   0.   0.   0.   0.   0.09 0.   0.   0.  ]
 [0.   0.   0.   0.   0.   0.   0.   0.13 0.   0.  ]
 [0.   0.   0.   0.   0.   0.   0.   0.   0.19 0.  ]
 [0.   0.   0.   0.   0.   0.   0.   0.   0.   0.26]]

eigenvalues:
[0.   0.   0.01 0.02 0.03 0.06 0.09 0.13 0.19 0.26]

eigenvectors:
[[1. 0. 0. 0. 0. 0. 0. 0. 0. 0.]
 [0. 1. 0. 0. 0. 0. 0. 0. 0. 0.]
 [0. 0. 1. 0. 0. 0. 0. 0. 0. 0.]
 [0. 0. 0. 1. 0. 0. 0. 0. 0. 0.]
 [0. 0. 0. 0. 1. 0. 0. 0. 0. 0.]
 [0. 0. 0. 0. 0. 1. 0. 0. 0. 0.]
 [0. 0. 0. 0. 0. 0. 1. 0. 0. 0.]
 [0. 0. 0. 0. 0. 0. 0. 1. 0. 0.]
 [0. 0. 0. 0. 0. 0. 0. 0. 1. 0.]
 [0. 0. 0. 0. 0. 0. 0. 0. 0. 1.]]
